Object Begin Date,Image File Name,URL
1480,DP816732.jpg,https://images.metmuseum.org/CRDImages/dp/mobile-large/DP816732.jpg
1485,DP802953.jpg,https://images.metmuseum.org/CRDImages/dp/mobile-large/DP802953.jpg
1485,DP820400.jpg,https://images.metmuseum.org/CRDImages/dp/mobile-large/DP820400.jpg
1485,DP815781.jpg,https://images.metmuseum.org/CRDImages/dp/mobile-large/DP815781.jpg
1485,DP820400.jpg,https://images.metmuseum.org/CRDImages/dp/mobile-large/DP820400.jpg
1485,DP820401.jpg,https://images.metmuseum.org/CRDImages/dp/mobile-large/DP820401.jpg
1485,DP820402.jpg,https://images.metmuseum.org/CRDImages/dp/mobile-large/DP820402.jpg
1485,DP820403.jpg,https://images.metmuseum.org/CRDImages/dp/mobile-large/DP820403.jpg
1485,DP820404.jpg,https://images.metmuseum.org/CRDImages/dp/mobile-large/DP820404.jpg
1485,DP820405.jpg,https://images.metmuseum.org/CRDImages/dp/mobile-large/DP820405.jpg
1485,DP816950.jpg,https://images.metmuseum.org/CRDImages/dp/mobile-large/DP816950.jpg
1485,DP816924.jpg,https://images.metmuseum.org/CRDImages/dp/mobile-large/DP816924.jpg
1485,DP816738.jpg,https://images.metmuseum.org/CRDImages/dp/mobile-large/DP816738.jpg
1485,DP820819.jpg,https://images.metmuseum.org/CRDImages/dp/mobile-large/DP820819.jpg
1485,DP816941.jpg,https://images.metmuseum.org/CRDImages/dp/mobile-large/DP816941.jpg
1485,DP816592.jpg,https://images.metmuseum.org/CRDImages/dp/mobile-large/DP816592.jpg
1485,DP268756.jpg,https://images.metmuseum.org/CRDImages/dp/mobile-large/DP268756.jpg
1485,DP816608.jpg,https://images.metmuseum.org/CRDImages/dp/mobile-large/DP816608.jpg
1485,DP816613.jpg,https://images.metmuseum.org/CRDImages/dp/mobile-large/DP816613.jpg
1485,DP816616.jpg,https://images.metmuseum.org/CRDImages/dp/mobile-large/DP816616.jpg
1485,DP816617.jpg,https://images.metmuseum.org/CRDImages/dp/mobile-large/DP816617.jpg
1485,DP820426.jpg,https://images.metmuseum.org/CRDImages/dp/mobile-large/DP820426.jpg
1485,DP816929.jpg,https://images.metmuseum.org/CRDImages/dp/mobile-large/DP816929.jpg
1485,DP816936.jpg,https://images.metmuseum.org/CRDImages/dp/mobile-large/DP816936.jpg
1485,DP816921.jpg,https://images.metmuseum.org/CRDImages/dp/mobile-large/DP816921.jpg
1485,DP816727.jpg,https://images.metmuseum.org/CRDImages/dp/mobile-large/DP816727.jpg
1485,DP816494.jpg,https://images.metmuseum.org/CRDImages/dp/mobile-large/DP816494.jpg
1485,DP816493.jpg,https://images.metmuseum.org/CRDImages/dp/mobile-large/DP816493.jpg
1485,DP816942.jpg,https://images.metmuseum.org/CRDImages/dp/mobile-large/DP816942.jpg
1485,DP816946.jpg,https://images.metmuseum.org/CRDImages/dp/mobile-large/DP816946.jpg
1485,DP816441.jpg,https://images.metmuseum.org/CRDImages/dp/mobile-large/DP816441.jpg
1485,DP816448.jpg,https://images.metmuseum.org/CRDImages/dp/mobile-large/DP816448.jpg
1485,DP820483.jpg,https://images.metmuseum.org/CRDImages/dp/mobile-large/DP820483.jpg
1485,DP816948.jpg,https://images.metmuseum.org/CRDImages/dp/mobile-large/DP816948.jpg
1485,DP816450.jpg,https://images.metmuseum.org/CRDImages/dp/mobile-large/DP816450.jpg
1485,DP816480.jpg,https://images.metmuseum.org/CRDImages/dp/mobile-large/DP816480.jpg
1485,DP816479.jpg,https://images.metmuseum.org/CRDImages/dp/mobile-large/DP816479.jpg
1485,DP816438.jpg,https://images.metmuseum.org/CRDImages/dp/mobile-large/DP816438.jpg
1485,DP816492.jpg,https://images.metmuseum.org/CRDImages/dp/mobile-large/DP816492.jpg
1485,DP816445.jpg,https://images.metmuseum.org/CRDImages/dp/mobile-large/DP816445.jpg
1485,DP816596.jpg,https://images.metmuseum.org/CRDImages/dp/mobile-large/DP816596.jpg
1485,DP816590.jpg,https://images.metmuseum.org/CRDImages/dp/mobile-large/DP816590.jpg
1485,DP816587.jpg,https://images.metmuseum.org/CRDImages/dp/mobile-large/DP816587.jpg
1485,DP816603.jpg,https://images.metmuseum.org/CRDImages/dp/mobile-large/DP816603.jpg
1485,DP816609.jpg,https://images.metmuseum.org/CRDImages/dp/mobile-large/DP816609.jpg
1485,DP816611.jpg,https://images.metmuseum.org/CRDImages/dp/mobile-large/DP816611.jpg
1485,DP816612.jpg,https://images.metmuseum.org/CRDImages/dp/mobile-large/DP816612.jpg
1485,DP816478.jpg,https://images.metmuseum.org/CRDImages/dp/mobile-large/DP816478.jpg
1485,DP816496.jpg,https://images.metmuseum.org/CRDImages/dp/mobile-large/DP816496.jpg
1485,DP816952.jpg,https://images.metmuseum.org/CRDImages/dp/mobile-large/DP816952.jpg
1485,DP816495.jpg,https://images.metmuseum.org/CRDImages/dp/mobile-large/DP816495.jpg
1485,DP816747.jpg,https://images.metmuseum.org/CRDImages/dp/mobile-large/DP816747.jpg
1485,DP816793.jpg,https://images.metmuseum.org/CRDImages/dp/mobile-large/DP816793.jpg
1485,DP816745.jpg,https://images.metmuseum.org/CRDImages/dp/mobile-large/DP816745.jpg
1485,DP816753.jpg,https://images.metmuseum.org/CRDImages/dp/mobile-large/DP816753.jpg
1485,DP816792.jpg,https://images.metmuseum.org/CRDImages/dp/mobile-large/DP816792.jpg
1485,DP816794.jpg,https://images.metmuseum.org/CRDImages/dp/mobile-large/DP816794.jpg
1485,DP816790.jpg,https://images.metmuseum.org/CRDImages/dp/mobile-large/DP816790.jpg
1485,DP816782.jpg,https://images.metmuseum.org/CRDImages/dp/mobile-large/DP816782.jpg
1485,DP816788.jpg,https://images.metmuseum.org/CRDImages/dp/mobile-large/DP816788.jpg
1485,DP816789.jpg,https://images.metmuseum.org/CRDImages/dp/mobile-large/DP816789.jpg
1485,DP816787.jpg,https://images.metmuseum.org/CRDImages/dp/mobile-large/DP816787.jpg
1485,DP816754.jpg,https://images.metmuseum.org/CRDImages/dp/mobile-large/DP816754.jpg
1485,DP816756.jpg,https://images.metmuseum.org/CRDImages/dp/mobile-large/DP816756.jpg
1485,DP816774.jpg,https://images.metmuseum.org/CRDImages/dp/mobile-large/DP816774.jpg
1485,DP816798.jpg,https://images.metmuseum.org/CRDImages/dp/mobile-large/DP816798.jpg
1485,DP816799.jpg,https://images.metmuseum.org/CRDImages/dp/mobile-large/DP816799.jpg
1485,DP816795.jpg,https://images.metmuseum.org/CRDImages/dp/mobile-large/DP816795.jpg
1485,DP816797.jpg,https://images.metmuseum.org/CRDImages/dp/mobile-large/DP816797.jpg
1485,DP816415.jpg,https://images.metmuseum.org/CRDImages/dp/mobile-large/DP816415.jpg
1485,DP816409.jpg,https://images.metmuseum.org/CRDImages/dp/mobile-large/DP816409.jpg
1485,DP816413.jpg,https://images.metmuseum.org/CRDImages/dp/mobile-large/DP816413.jpg
1485,DP816806.jpg,https://images.metmuseum.org/CRDImages/dp/mobile-large/DP816806.jpg
1485,DP816807.jpg,https://images.metmuseum.org/CRDImages/dp/mobile-large/DP816807.jpg
1485,DP816808.jpg,https://images.metmuseum.org/CRDImages/dp/mobile-large/DP816808.jpg
1485,DP816809.jpg,https://images.metmuseum.org/CRDImages/dp/mobile-large/DP816809.jpg
1485,DP816810.jpg,https://images.metmuseum.org/CRDImages/dp/mobile-large/DP816810.jpg
1485,DP816811.jpg,https://images.metmuseum.org/CRDImages/dp/mobile-large/DP816811.jpg
1485,DP816803.jpg,https://images.metmuseum.org/CRDImages/dp/mobile-large/DP816803.jpg
1485,DP816804.jpg,https://images.metmuseum.org/CRDImages/dp/mobile-large/DP816804.jpg
1485,DP816805.jpg,https://images.metmuseum.org/CRDImages/dp/mobile-large/DP816805.jpg
1485,DP816812.jpg,https://images.metmuseum.org/CRDImages/dp/mobile-large/DP816812.jpg
1485,DP816813.jpg,https://images.metmuseum.org/CRDImages/dp/mobile-large/DP816813.jpg
1485,DP816814.jpg,https://images.metmuseum.org/CRDImages/dp/mobile-large/DP816814.jpg
1485,DP816823.jpg,https://images.metmuseum.org/CRDImages/dp/mobile-large/DP816823.jpg
1485,DP816791.jpg,https://images.metmuseum.org/CRDImages/dp/mobile-large/DP816791.jpg
1485,DP816456.jpg,https://images.metmuseum.org/CRDImages/dp/mobile-large/DP816456.jpg
1485,DP816819.jpg,https://images.metmuseum.org/CRDImages/dp/mobile-large/DP816819.jpg
1485,DP816815.jpg,https://images.metmuseum.org/CRDImages/dp/mobile-large/DP816815.jpg
1485,DP816817.jpg,https://images.metmuseum.org/CRDImages/dp/mobile-large/DP816817.jpg
1485,DP816821.jpg,https://images.metmuseum.org/CRDImages/dp/mobile-large/DP816821.jpg
1485,DP817080.jpg,https://images.metmuseum.org/CRDImages/dp/mobile-large/DP817080.jpg
1485,DP816452.jpg,https://images.metmuseum.org/CRDImages/dp/mobile-large/DP816452.jpg
1485,DP816451.jpg,https://images.metmuseum.org/CRDImages/dp/mobile-large/DP816451.jpg
1485,DP816277.jpg,https://images.metmuseum.org/CRDImages/dp/mobile-large/DP816277.jpg
1485,DP215648.jpg,https://images.metmuseum.org/CRDImages/dp/mobile-large/DP215648.jpg
1485,DP816588.jpg,https://images.metmuseum.org/CRDImages/dp/mobile-large/DP816588.jpg
1485,DP816284.jpg,https://images.metmuseum.org/CRDImages/dp/mobile-large/DP816284.jpg
1485,DP816599.jpg,https://images.metmuseum.org/CRDImages/dp/mobile-large/DP816599.jpg
1485,DP816598.jpg,https://images.metmuseum.org/CRDImages/dp/mobile-large/DP816598.jpg
1485,DP816594.jpg,https://images.metmuseum.org/CRDImages/dp/mobile-large/DP816594.jpg
1485,DP816591.jpg,https://images.metmuseum.org/CRDImages/dp/mobile-large/DP816591.jpg
1485,DP816589.jpg,https://images.metmuseum.org/CRDImages/dp/mobile-large/DP816589.jpg
1485,DP816600.jpg,https://images.metmuseum.org/CRDImages/dp/mobile-large/DP816600.jpg
1485,DP816602.jpg,https://images.metmuseum.org/CRDImages/dp/mobile-large/DP816602.jpg
1485,DP816604.jpg,https://images.metmuseum.org/CRDImages/dp/mobile-large/DP816604.jpg
1485,DP816607.jpg,https://images.metmuseum.org/CRDImages/dp/mobile-large/DP816607.jpg
1485,DP816610.jpg,https://images.metmuseum.org/CRDImages/dp/mobile-large/DP816610.jpg
1485,DP816614.jpg,https://images.metmuseum.org/CRDImages/dp/mobile-large/DP816614.jpg
1485,DP816615.jpg,https://images.metmuseum.org/CRDImages/dp/mobile-large/DP816615.jpg
1485,DP816729.jpg,https://images.metmuseum.org/CRDImages/dp/mobile-large/DP816729.jpg
1485,DP816733.jpg,https://images.metmuseum.org/CRDImages/dp/mobile-large/DP816733.jpg
1485,DP816734.jpg,https://images.metmuseum.org/CRDImages/dp/mobile-large/DP816734.jpg
1485,DP816736.jpg,https://images.metmuseum.org/CRDImages/dp/mobile-large/DP816736.jpg
1485,DP816920.jpg,https://images.metmuseum.org/CRDImages/dp/mobile-large/DP816920.jpg
1485,DP816919.jpg,https://images.metmuseum.org/CRDImages/dp/mobile-large/DP816919.jpg
1485,DP816916.jpg,https://images.metmuseum.org/CRDImages/dp/mobile-large/DP816916.jpg
1485,DP816931.jpg,https://images.metmuseum.org/CRDImages/dp/mobile-large/DP816931.jpg
1485,DP816939.jpg,https://images.metmuseum.org/CRDImages/dp/mobile-large/DP816939.jpg
1485,DP816938.jpg,https://images.metmuseum.org/CRDImages/dp/mobile-large/DP816938.jpg
1485,DP816933.jpg,https://images.metmuseum.org/CRDImages/dp/mobile-large/DP816933.jpg
1485,DP816433.jpg,https://images.metmuseum.org/CRDImages/dp/mobile-large/DP816433.jpg
1485,DP816440.jpg,https://images.metmuseum.org/CRDImages/dp/mobile-large/DP816440.jpg
1485,DP816437.jpg,https://images.metmuseum.org/CRDImages/dp/mobile-large/DP816437.jpg
1485,DP816949.jpg,https://images.metmuseum.org/CRDImages/dp/mobile-large/DP816949.jpg
1485,DP816446.jpg,https://images.metmuseum.org/CRDImages/dp/mobile-large/DP816446.jpg
1485,DP816947.jpg,https://images.metmuseum.org/CRDImages/dp/mobile-large/DP816947.jpg
1485,DP817079.jpg,https://images.metmuseum.org/CRDImages/dp/mobile-large/DP817079.jpg
1485,DP816945.jpg,https://images.metmuseum.org/CRDImages/dp/mobile-large/DP816945.jpg
1485,DP816954.jpg,https://images.metmuseum.org/CRDImages/dp/mobile-large/DP816954.jpg
1485,DP816458.jpg,https://images.metmuseum.org/CRDImages/dp/mobile-large/DP816458.jpg
1485,DP816454.jpg,https://images.metmuseum.org/CRDImages/dp/mobile-large/DP816454.jpg
1485,DP816444.jpg,https://images.metmuseum.org/CRDImages/dp/mobile-large/DP816444.jpg
1485,DP816443.jpg,https://images.metmuseum.org/CRDImages/dp/mobile-large/DP816443.jpg
1485,DP816442.jpg,https://images.metmuseum.org/CRDImages/dp/mobile-large/DP816442.jpg
1485,DP816062.jpg,https://images.metmuseum.org/CRDImages/dp/mobile-large/DP816062.jpg
1485,DP816434.jpg,https://images.metmuseum.org/CRDImages/dp/mobile-large/DP816434.jpg
1485,DP816606.jpg,https://images.metmuseum.org/CRDImages/dp/mobile-large/DP816606.jpg
1485,DP816485.jpg,https://images.metmuseum.org/CRDImages/dp/mobile-large/DP816485.jpg
1485,DP816486.jpg,https://images.metmuseum.org/CRDImages/dp/mobile-large/DP816486.jpg
1485,DP816595.jpg,https://images.metmuseum.org/CRDImages/dp/mobile-large/DP816595.jpg
1485,DP816455.jpg,https://images.metmuseum.org/CRDImages/dp/mobile-large/DP816455.jpg
1485,DP816802.jpg,https://images.metmuseum.org/CRDImages/dp/mobile-large/DP816802.jpg
1485,DP816796.jpg,https://images.metmuseum.org/CRDImages/dp/mobile-large/DP816796.jpg
1485,DP816439.jpg,https://images.metmuseum.org/CRDImages/dp/mobile-large/DP816439.jpg
1485,DP816436.jpg,https://images.metmuseum.org/CRDImages/dp/mobile-large/DP816436.jpg
1485,DP816431.jpg,https://images.metmuseum.org/CRDImages/dp/mobile-large/DP816431.jpg
1485,DP816943.jpg,https://images.metmuseum.org/CRDImages/dp/mobile-large/DP816943.jpg
1485,DP816484.jpg,https://images.metmuseum.org/CRDImages/dp/mobile-large/DP816484.jpg
1485,DP816449.jpg,https://images.metmuseum.org/CRDImages/dp/mobile-large/DP816449.jpg
1485,DP820412.jpg,https://images.metmuseum.org/CRDImages/dp/mobile-large/DP820412.jpg
1485,DP816605.jpg,https://images.metmuseum.org/CRDImages/dp/mobile-large/DP816605.jpg
1485,DP816822.jpg,https://images.metmuseum.org/CRDImages/dp/mobile-large/DP816822.jpg
1485,DP816461.jpg,https://images.metmuseum.org/CRDImages/dp/mobile-large/DP816461.jpg
1485,DP820484.jpg,https://images.metmuseum.org/CRDImages/dp/mobile-large/DP820484.jpg
1485,DP816482.jpg,https://images.metmuseum.org/CRDImages/dp/mobile-large/DP816482.jpg
1485,DP816481.jpg,https://images.metmuseum.org/CRDImages/dp/mobile-large/DP816481.jpg
1485,DP816285.jpg,https://images.metmuseum.org/CRDImages/dp/mobile-large/DP816285.jpg
1485,DP816432.jpg,https://images.metmuseum.org/CRDImages/dp/mobile-large/DP816432.jpg
1485,DP816269.jpg,https://images.metmuseum.org/CRDImages/dp/mobile-large/DP816269.jpg
1485,DP816459.jpg,https://images.metmuseum.org/CRDImages/dp/mobile-large/DP816459.jpg
1485,DP816918.jpg,https://images.metmuseum.org/CRDImages/dp/mobile-large/DP816918.jpg
1485,DP816944.jpg,https://images.metmuseum.org/CRDImages/dp/mobile-large/DP816944.jpg
1485,DP820455.jpg,https://images.metmuseum.org/CRDImages/dp/mobile-large/DP820455.jpg
1485,DP816059.jpg,https://images.metmuseum.org/CRDImages/dp/mobile-large/DP816059.jpg
1485,DP816032.jpg,https://images.metmuseum.org/CRDImages/dp/mobile-large/DP816032.jpg
1485,DP816414.jpg,https://images.metmuseum.org/CRDImages/dp/mobile-large/DP816414.jpg
1485,DP816460.jpg,https://images.metmuseum.org/CRDImages/dp/mobile-large/DP816460.jpg
1485,DP816618.jpg,https://images.metmuseum.org/CRDImages/dp/mobile-large/DP816618.jpg
1485,DP815295.jpg,https://images.metmuseum.org/CRDImages/dp/mobile-large/DP815295.jpg
1485,DP815357.jpg,https://images.metmuseum.org/CRDImages/dp/mobile-large/DP815357.jpg
1485,DP815346.jpg,https://images.metmuseum.org/CRDImages/dp/mobile-large/DP815346.jpg
1485,DP815369.jpg,https://images.metmuseum.org/CRDImages/dp/mobile-large/DP815369.jpg
1485,DP820344.jpg,https://images.metmuseum.org/CRDImages/dp/mobile-large/DP820344.jpg
1485,DP820359.jpg,https://images.metmuseum.org/CRDImages/dp/mobile-large/DP820359.jpg
1485,DP815378.jpg,https://images.metmuseum.org/CRDImages/dp/mobile-large/DP815378.jpg
1485,DP815438.jpg,https://images.metmuseum.org/CRDImages/dp/mobile-large/DP815438.jpg
1485,DP815433.jpg,https://images.metmuseum.org/CRDImages/dp/mobile-large/DP815433.jpg
1485,DP815423.jpg,https://images.metmuseum.org/CRDImages/dp/mobile-large/DP815423.jpg
1485,DP815424.jpg,https://images.metmuseum.org/CRDImages/dp/mobile-large/DP815424.jpg
1485,DP815537.jpg,https://images.metmuseum.org/CRDImages/dp/mobile-large/DP815537.jpg
1485,DP815597.jpg,https://images.metmuseum.org/CRDImages/dp/mobile-large/DP815597.jpg
1485,DP815598.jpg,https://images.metmuseum.org/CRDImages/dp/mobile-large/DP815598.jpg
1485,DP815758.jpg,https://images.metmuseum.org/CRDImages/dp/mobile-large/DP815758.jpg
1485,DP815784.jpg,https://images.metmuseum.org/CRDImages/dp/mobile-large/DP815784.jpg
1485,DP815785.jpg,https://images.metmuseum.org/CRDImages/dp/mobile-large/DP815785.jpg
1485,DP815899.jpg,https://images.metmuseum.org/CRDImages/dp/mobile-large/DP815899.jpg
1485,DP815741.jpg,https://images.metmuseum.org/CRDImages/dp/mobile-large/DP815741.jpg
1485,DP815740.jpg,https://images.metmuseum.org/CRDImages/dp/mobile-large/DP815740.jpg
1485,DP815914.jpg,https://images.metmuseum.org/CRDImages/dp/mobile-large/DP815914.jpg
1485,DP815908.jpg,https://images.metmuseum.org/CRDImages/dp/mobile-large/DP815908.jpg
1485,DP815909.jpg,https://images.metmuseum.org/CRDImages/dp/mobile-large/DP815909.jpg
1485,DP815921.jpg,https://images.metmuseum.org/CRDImages/dp/mobile-large/DP815921.jpg
1485,DP815923.jpg,https://images.metmuseum.org/CRDImages/dp/mobile-large/DP815923.jpg
1485,DP815991.jpg,https://images.metmuseum.org/CRDImages/dp/mobile-large/DP815991.jpg
1485,DP815988.jpg,https://images.metmuseum.org/CRDImages/dp/mobile-large/DP815988.jpg
1485,DP815993.jpg,https://images.metmuseum.org/CRDImages/dp/mobile-large/DP815993.jpg
1485,DP815992.jpg,https://images.metmuseum.org/CRDImages/dp/mobile-large/DP815992.jpg
1485,DP815556.jpg,https://images.metmuseum.org/CRDImages/dp/mobile-large/DP815556.jpg
1485,DP815372.jpg,https://images.metmuseum.org/CRDImages/dp/mobile-large/DP815372.jpg
1485,DP815436.jpg,https://images.metmuseum.org/CRDImages/dp/mobile-large/DP815436.jpg
1485,DP815719.jpg,https://images.metmuseum.org/CRDImages/dp/mobile-large/DP815719.jpg
1485,DP815895.jpg,https://images.metmuseum.org/CRDImages/dp/mobile-large/DP815895.jpg
1485,DP815901.jpg,https://images.metmuseum.org/CRDImages/dp/mobile-large/DP815901.jpg
1485,DP816148.jpg,https://images.metmuseum.org/CRDImages/dp/mobile-large/DP816148.jpg
1485,DP816917.jpg,https://images.metmuseum.org/CRDImages/dp/mobile-large/DP816917.jpg
1485,DP816925.jpg,https://images.metmuseum.org/CRDImages/dp/mobile-large/DP816925.jpg
1485,DP816926.jpg,https://images.metmuseum.org/CRDImages/dp/mobile-large/DP816926.jpg
1485,DP816930.jpg,https://images.metmuseum.org/CRDImages/dp/mobile-large/DP816930.jpg
1485,DP816934.jpg,https://images.metmuseum.org/CRDImages/dp/mobile-large/DP816934.jpg
1485,DP816937.jpg,https://images.metmuseum.org/CRDImages/dp/mobile-large/DP816937.jpg
1485,DP816940.jpg,https://images.metmuseum.org/CRDImages/dp/mobile-large/DP816940.jpg
1485,DP816013.jpg,https://images.metmuseum.org/CRDImages/dp/mobile-large/DP816013.jpg
1485,DP820388.jpg,https://images.metmuseum.org/CRDImages/dp/mobile-large/DP820388.jpg
1485,DP820384.jpg,https://images.metmuseum.org/CRDImages/dp/mobile-large/DP820384.jpg
1485,DP820386.jpg,https://images.metmuseum.org/CRDImages/dp/mobile-large/DP820386.jpg
1485,DP820387.jpg,https://images.metmuseum.org/CRDImages/dp/mobile-large/DP820387.jpg
1485,DP820389.jpg,https://images.metmuseum.org/CRDImages/dp/mobile-large/DP820389.jpg
1485,DP820393.jpg,https://images.metmuseum.org/CRDImages/dp/mobile-large/DP820393.jpg
1485,DP820391.jpg,https://images.metmuseum.org/CRDImages/dp/mobile-large/DP820391.jpg
1485,DP820390.jpg,https://images.metmuseum.org/CRDImages/dp/mobile-large/DP820390.jpg
1485,DP820394.jpg,https://images.metmuseum.org/CRDImages/dp/mobile-large/DP820394.jpg
1485,DP820392.jpg,https://images.metmuseum.org/CRDImages/dp/mobile-large/DP820392.jpg
1485,DP820736.jpg,https://images.metmuseum.org/CRDImages/dp/mobile-large/DP820736.jpg
1485,DP820406.jpg,https://images.metmuseum.org/CRDImages/dp/mobile-large/DP820406.jpg
1485,DP815787.jpg,https://images.metmuseum.org/CRDImages/dp/mobile-large/DP815787.jpg
1485,DP815788.jpg,https://images.metmuseum.org/CRDImages/dp/mobile-large/DP815788.jpg
1485,DP815927.jpg,https://images.metmuseum.org/CRDImages/dp/mobile-large/DP815927.jpg
1485,DP815935.jpg,https://images.metmuseum.org/CRDImages/dp/mobile-large/DP815935.jpg
1485,DP820395.jpg,https://images.metmuseum.org/CRDImages/dp/mobile-large/DP820395.jpg
1485,DP816034.jpg,https://images.metmuseum.org/CRDImages/dp/mobile-large/DP816034.jpg
1485,DP816023.jpg,https://images.metmuseum.org/CRDImages/dp/mobile-large/DP816023.jpg
1485,DP816024.jpg,https://images.metmuseum.org/CRDImages/dp/mobile-large/DP816024.jpg
1485,DP816025.jpg,https://images.metmuseum.org/CRDImages/dp/mobile-large/DP816025.jpg
1485,DP816621.jpg,https://images.metmuseum.org/CRDImages/dp/mobile-large/DP816621.jpg
1485,DP820397.jpg,https://images.metmuseum.org/CRDImages/dp/mobile-large/DP820397.jpg
1485,DP820396.jpg,https://images.metmuseum.org/CRDImages/dp/mobile-large/DP820396.jpg
1485,DP820399.jpg,https://images.metmuseum.org/CRDImages/dp/mobile-large/DP820399.jpg
1485,DP820398.jpg,https://images.metmuseum.org/CRDImages/dp/mobile-large/DP820398.jpg
1485,DP815394.jpg,https://images.metmuseum.org/CRDImages/dp/mobile-large/DP815394.jpg
1485,DP816022.jpg,https://images.metmuseum.org/CRDImages/dp/mobile-large/DP816022.jpg
1490,DP802948.jpg,https://images.metmuseum.org/CRDImages/dp/mobile-large/DP802948.jpg
1491,DP815353.jpg,https://images.metmuseum.org/CRDImages/dp/mobile-large/DP815353.jpg
1491,DP815373.jpg,https://images.metmuseum.org/CRDImages/dp/mobile-large/DP815373.jpg
1492,DP102203.jpg,https://images.metmuseum.org/CRDImages/dp/mobile-large/DP102203.jpg
1492,DP820817.jpg,https://images.metmuseum.org/CRDImages/dp/mobile-large/DP820817.jpg
1492,DP816593.jpg,https://images.metmuseum.org/CRDImages/dp/mobile-large/DP816593.jpg
1492,DP816951.jpg,https://images.metmuseum.org/CRDImages/dp/mobile-large/DP816951.jpg
1492,DP816429.jpg,https://images.metmuseum.org/CRDImages/dp/mobile-large/DP816429.jpg
1492,DP816772.jpg,https://images.metmuseum.org/CRDImages/dp/mobile-large/DP816772.jpg
1492,DP816737.jpg,https://images.metmuseum.org/CRDImages/dp/mobile-large/DP816737.jpg
1493,DP815366.jpg,https://images.metmuseum.org/CRDImages/dp/mobile-large/DP815366.jpg
1493,DP820343.jpg,https://images.metmuseum.org/CRDImages/dp/mobile-large/DP820343.jpg
1493,DP247722.jpg,https://images.metmuseum.org/CRDImages/dp/mobile-large/DP247722.jpg
1493,DP816601.jpg,https://images.metmuseum.org/CRDImages/dp/mobile-large/DP816601.jpg
1493,DP816935.jpg,https://images.metmuseum.org/CRDImages/dp/mobile-large/DP816935.jpg
1493,MM30203.jpg,https://images.metmuseum.org/CRDImages/dp/mobile-large/MM30203.jpg
1493,DP282110.jpg,https://images.metmuseum.org/CRDImages/rl/mobile-large/DP282110.jpg
1495,DP815296.jpg,https://images.metmuseum.org/CRDImages/dp/mobile-large/DP815296.jpg
1495,DP815291.jpg,https://images.metmuseum.org/CRDImages/dp/mobile-large/DP815291.jpg
1495,DP815294.jpg,https://images.metmuseum.org/CRDImages/dp/mobile-large/DP815294.jpg
1495,DP815298.jpg,https://images.metmuseum.org/CRDImages/dp/mobile-large/DP815298.jpg
1495,DP815297.jpg,https://images.metmuseum.org/CRDImages/dp/mobile-large/DP815297.jpg
1495,DP815292.jpg,https://images.metmuseum.org/CRDImages/dp/mobile-large/DP815292.jpg
1495,DP815371.jpg,https://images.metmuseum.org/CRDImages/dp/mobile-large/DP815371.jpg
1495,271458.jpg,https://images.metmuseum.org/CRDImages/dp/mobile-large/271458.jpg
1496,DP815356.jpg,https://images.metmuseum.org/CRDImages/dp/mobile-large/DP815356.jpg
1496,DP816073.jpg,https://images.metmuseum.org/CRDImages/dp/mobile-large/DP816073.jpg
1496,DP816133.jpg,https://images.metmuseum.org/CRDImages/dp/mobile-large/DP816133.jpg
1496,DP816137.jpg,https://images.metmuseum.org/CRDImages/dp/mobile-large/DP816137.jpg
1496,DP816076.jpg,https://images.metmuseum.org/CRDImages/dp/mobile-large/DP816076.jpg
1496,DP815354.jpg,https://images.metmuseum.org/CRDImages/dp/mobile-large/DP815354.jpg
1496,DP815352.jpg,https://images.metmuseum.org/CRDImages/dp/mobile-large/DP815352.jpg
1496,DP815355.jpg,https://images.metmuseum.org/CRDImages/dp/mobile-large/DP815355.jpg
1496,DP815350.jpg,https://images.metmuseum.org/CRDImages/dp/mobile-large/DP815350.jpg
1496,DP815367.jpg,https://images.metmuseum.org/CRDImages/dp/mobile-large/DP815367.jpg
1496,DP815368.jpg,https://images.metmuseum.org/CRDImages/dp/mobile-large/DP815368.jpg
1496,DP815370.jpg,https://images.metmuseum.org/CRDImages/dp/mobile-large/DP815370.jpg
1496,DP815385.jpg,https://images.metmuseum.org/CRDImages/dp/mobile-large/DP815385.jpg
1496,DP815384.jpg,https://images.metmuseum.org/CRDImages/dp/mobile-large/DP815384.jpg
1496,DP815383.jpg,https://images.metmuseum.org/CRDImages/dp/mobile-large/DP815383.jpg
1496,DP815349.jpg,https://images.metmuseum.org/CRDImages/dp/mobile-large/DP815349.jpg
1496,DP815351.jpg,https://images.metmuseum.org/CRDImages/dp/mobile-large/DP815351.jpg
1497,DP806729.jpg,https://images.metmuseum.org/CRDImages/dp/mobile-large/DP806729.jpg
1497,DP215651.jpg,https://images.metmuseum.org/CRDImages/dp/mobile-large/DP215651.jpg
1497,DP815409.jpg,https://images.metmuseum.org/CRDImages/dp/mobile-large/DP815409.jpg
1497,DP816586.jpg,https://images.metmuseum.org/CRDImages/dp/mobile-large/DP816586.jpg
1497,DP816585.jpg,https://images.metmuseum.org/CRDImages/dp/mobile-large/DP816585.jpg
1497,DP816583.jpg,https://images.metmuseum.org/CRDImages/dp/mobile-large/DP816583.jpg
1497,DP815361.jpg,https://images.metmuseum.org/CRDImages/dp/mobile-large/DP815361.jpg
1497,DP815392.jpg,https://images.metmuseum.org/CRDImages/dp/mobile-large/DP815392.jpg
1497,DP815393.jpg,https://images.metmuseum.org/CRDImages/dp/mobile-large/DP815393.jpg
1497,DP815399.jpg,https://images.metmuseum.org/CRDImages/dp/mobile-large/DP815399.jpg
1497,DP815400.jpg,https://images.metmuseum.org/CRDImages/dp/mobile-large/DP815400.jpg
1497,DP815401.jpg,https://images.metmuseum.org/CRDImages/dp/mobile-large/DP815401.jpg
1497,DP816584.jpg,https://images.metmuseum.org/CRDImages/dp/mobile-large/DP816584.jpg
1498,DP816928.jpg,https://images.metmuseum.org/CRDImages/dp/mobile-large/DP816928.jpg
1498,DP816773.jpg,https://images.metmuseum.org/CRDImages/dp/mobile-large/DP816773.jpg
1498,DP815390.jpg,https://images.metmuseum.org/CRDImages/dp/mobile-large/DP815390.jpg
1498,DP816923.jpg,https://images.metmuseum.org/CRDImages/dp/mobile-large/DP816923.jpg
1498,DP820411.jpg,https://images.metmuseum.org/CRDImages/dp/mobile-large/DP820411.jpg
1498,DP820458.jpg,https://images.metmuseum.org/CRDImages/dp/mobile-large/DP820458.jpg
1498,DP816134.jpg,https://images.metmuseum.org/CRDImages/dp/mobile-large/DP816134.jpg
1498,DP816131.jpg,https://images.metmuseum.org/CRDImages/dp/mobile-large/DP816131.jpg
1498,DP816130.jpg,https://images.metmuseum.org/CRDImages/dp/mobile-large/DP816130.jpg
1498,DP815358.jpg,https://images.metmuseum.org/CRDImages/dp/mobile-large/DP815358.jpg
1498,DP815360.jpg,https://images.metmuseum.org/CRDImages/dp/mobile-large/DP815360.jpg
1498,DP815363.jpg,https://images.metmuseum.org/CRDImages/dp/mobile-large/DP815363.jpg
1498,DP815364.jpg,https://images.metmuseum.org/CRDImages/dp/mobile-large/DP815364.jpg
1498,DP815388.jpg,https://images.metmuseum.org/CRDImages/dp/mobile-large/DP815388.jpg
1498,DP815391.jpg,https://images.metmuseum.org/CRDImages/dp/mobile-large/DP815391.jpg
1498,DP815389.jpg,https://images.metmuseum.org/CRDImages/dp/mobile-large/DP815389.jpg
1498,DP815387.jpg,https://images.metmuseum.org/CRDImages/dp/mobile-large/DP815387.jpg
1498,DP809590.jpg,https://images.metmuseum.org/CRDImages/rl/mobile-large/DP809590.jpg
1499,DP815347.jpg,https://images.metmuseum.org/CRDImages/dp/mobile-large/DP815347.jpg
1499,DP815348.jpg,https://images.metmuseum.org/CRDImages/dp/mobile-large/DP815348.jpg
1499,DP815381.jpg,https://images.metmuseum.org/CRDImages/dp/mobile-large/DP815381.jpg
1499,DP815380.jpg,https://images.metmuseum.org/CRDImages/dp/mobile-large/DP815380.jpg
1499,DP815379.jpg,https://images.metmuseum.org/CRDImages/dp/mobile-large/DP815379.jpg
1499,DP815382.jpg,https://images.metmuseum.org/CRDImages/dp/mobile-large/DP815382.jpg
1499,DP815402.jpg,https://images.metmuseum.org/CRDImages/dp/mobile-large/DP815402.jpg
1499,DP815403.jpg,https://images.metmuseum.org/CRDImages/dp/mobile-large/DP815403.jpg
1500,DP820457.jpg,https://images.metmuseum.org/CRDImages/dp/mobile-large/DP820457.jpg
1500,DP815375.jpg,https://images.metmuseum.org/CRDImages/dp/mobile-large/DP815375.jpg
1500,DP815374.jpg,https://images.metmuseum.org/CRDImages/dp/mobile-large/DP815374.jpg
1500,DP815395.jpg,https://images.metmuseum.org/CRDImages/dp/mobile-large/DP815395.jpg
1500,DP815396.jpg,https://images.metmuseum.org/CRDImages/dp/mobile-large/DP815396.jpg
1500,DP815534.jpg,https://images.metmuseum.org/CRDImages/dp/mobile-large/DP815534.jpg
1500,DP815535.jpg,https://images.metmuseum.org/CRDImages/dp/mobile-large/DP815535.jpg
1500,DP815536.jpg,https://images.metmuseum.org/CRDImages/dp/mobile-large/DP815536.jpg
1500,DP815538.jpg,https://images.metmuseum.org/CRDImages/dp/mobile-large/DP815538.jpg
1500,DP815539.jpg,https://images.metmuseum.org/CRDImages/dp/mobile-large/DP815539.jpg
1500,DP815540.jpg,https://images.metmuseum.org/CRDImages/dp/mobile-large/DP815540.jpg
1500,DP820456.jpg,https://images.metmuseum.org/CRDImages/dp/mobile-large/DP820456.jpg
1500,DP164819.jpg,https://images.metmuseum.org/CRDImages/ep/mobile-large/DP164819.jpg
1500,DP802954.jpg,https://images.metmuseum.org/CRDImages/dp/mobile-large/DP802954.jpg
1500,DP816471.jpg,https://images.metmuseum.org/CRDImages/dp/mobile-large/DP816471.jpg
1500,DP816468.jpg,https://images.metmuseum.org/CRDImages/dp/mobile-large/DP816468.jpg
1500,DP816463.jpg,https://images.metmuseum.org/CRDImages/dp/mobile-large/DP816463.jpg
1500,DP816474.jpg,https://images.metmuseum.org/CRDImages/dp/mobile-large/DP816474.jpg
1500,DP816464.jpg,https://images.metmuseum.org/CRDImages/dp/mobile-large/DP816464.jpg
1500,DP816466.jpg,https://images.metmuseum.org/CRDImages/dp/mobile-large/DP816466.jpg
1500,DP816472.jpg,https://images.metmuseum.org/CRDImages/dp/mobile-large/DP816472.jpg
1500,DP816465.jpg,https://images.metmuseum.org/CRDImages/dp/mobile-large/DP816465.jpg
1500,DP816469.jpg,https://images.metmuseum.org/CRDImages/dp/mobile-large/DP816469.jpg
1500,DP816477.jpg,https://images.metmuseum.org/CRDImages/dp/mobile-large/DP816477.jpg
1500,DP816470.jpg,https://images.metmuseum.org/CRDImages/dp/mobile-large/DP816470.jpg
1500,DP816473.jpg,https://images.metmuseum.org/CRDImages/dp/mobile-large/DP816473.jpg
1500,DP816475.jpg,https://images.metmuseum.org/CRDImages/dp/mobile-large/DP816475.jpg
1500,DP816467.jpg,https://images.metmuseum.org/CRDImages/dp/mobile-large/DP816467.jpg
1501,DP802952.jpg,https://images.metmuseum.org/CRDImages/dp/mobile-large/DP802952.jpg
1501,DP815994.jpg,https://images.metmuseum.org/CRDImages/dp/mobile-large/DP815994.jpg
1501,DP820486.jpg,https://images.metmuseum.org/CRDImages/dp/mobile-large/DP820486.jpg
1501,DP815376.jpg,https://images.metmuseum.org/CRDImages/dp/mobile-large/DP815376.jpg
1501,DP815377.jpg,https://images.metmuseum.org/CRDImages/dp/mobile-large/DP815377.jpg
1501,DP815397.jpg,https://images.metmuseum.org/CRDImages/dp/mobile-large/DP815397.jpg
1501,DP815398.jpg,https://images.metmuseum.org/CRDImages/dp/mobile-large/DP815398.jpg
1501,DP815414.jpg,https://images.metmuseum.org/CRDImages/dp/mobile-large/DP815414.jpg
1501,DP815412.jpg,https://images.metmuseum.org/CRDImages/dp/mobile-large/DP815412.jpg
1501,DP815411.jpg,https://images.metmuseum.org/CRDImages/dp/mobile-large/DP815411.jpg
1501,DP815413.jpg,https://images.metmuseum.org/CRDImages/dp/mobile-large/DP815413.jpg
1501,DP815415.jpg,https://images.metmuseum.org/CRDImages/dp/mobile-large/DP815415.jpg
1501,DP815416.jpg,https://images.metmuseum.org/CRDImages/dp/mobile-large/DP815416.jpg
1501,DP815418.jpg,https://images.metmuseum.org/CRDImages/dp/mobile-large/DP815418.jpg
1501,DP815417.jpg,https://images.metmuseum.org/CRDImages/dp/mobile-large/DP815417.jpg
1501,DP815419.jpg,https://images.metmuseum.org/CRDImages/dp/mobile-large/DP815419.jpg
1501,DP815995.jpg,https://images.metmuseum.org/CRDImages/dp/mobile-large/DP815995.jpg
1502,DP816268.jpg,https://images.metmuseum.org/CRDImages/dp/mobile-large/DP816268.jpg
1502,DP816294.jpg,https://images.metmuseum.org/CRDImages/dp/mobile-large/DP816294.jpg
1502,DP816276.jpg,https://images.metmuseum.org/CRDImages/dp/mobile-large/DP816276.jpg
1502,DP816161.jpg,https://images.metmuseum.org/CRDImages/dp/mobile-large/DP816161.jpg
1502,DP816435.jpg,https://images.metmuseum.org/CRDImages/dp/mobile-large/DP816435.jpg
1502,DP816296.jpg,https://images.metmuseum.org/CRDImages/dp/mobile-large/DP816296.jpg
1502,DP815410.jpg,https://images.metmuseum.org/CRDImages/dp/mobile-large/DP815410.jpg
1502,DP815528.jpg,https://images.metmuseum.org/CRDImages/dp/mobile-large/DP815528.jpg
1502,DP815530.jpg,https://images.metmuseum.org/CRDImages/dp/mobile-large/DP815530.jpg
1502,DP815531.jpg,https://images.metmuseum.org/CRDImages/dp/mobile-large/DP815531.jpg
1503,DP815407.jpg,https://images.metmuseum.org/CRDImages/dp/mobile-large/DP815407.jpg
1503,DP820305.jpg,https://images.metmuseum.org/CRDImages/dp/mobile-large/DP820305.jpg
1503,DP816275.jpg,https://images.metmuseum.org/CRDImages/dp/mobile-large/DP816275.jpg
1503,DP816158.jpg,https://images.metmuseum.org/CRDImages/dp/mobile-large/DP816158.jpg
1503,DP816407.jpg,https://images.metmuseum.org/CRDImages/dp/mobile-large/DP816407.jpg
1503,DP816156.jpg,https://images.metmuseum.org/CRDImages/dp/mobile-large/DP816156.jpg
1503,DP816142.jpg,https://images.metmuseum.org/CRDImages/dp/mobile-large/DP816142.jpg
1503,DP816298.jpg,https://images.metmuseum.org/CRDImages/dp/mobile-large/DP816298.jpg
1503,DP816140.jpg,https://images.metmuseum.org/CRDImages/dp/mobile-large/DP816140.jpg
1503,DP816271.jpg,https://images.metmuseum.org/CRDImages/dp/mobile-large/DP816271.jpg
1503,DP816157.jpg,https://images.metmuseum.org/CRDImages/dp/mobile-large/DP816157.jpg
1503,DP816301.jpg,https://images.metmuseum.org/CRDImages/dp/mobile-large/DP816301.jpg
1503,DP816141.jpg,https://images.metmuseum.org/CRDImages/dp/mobile-large/DP816141.jpg
1503,DP816272.jpg,https://images.metmuseum.org/CRDImages/dp/mobile-large/DP816272.jpg
1503,DP816297.jpg,https://images.metmuseum.org/CRDImages/dp/mobile-large/DP816297.jpg
1503,DP816303.jpg,https://images.metmuseum.org/CRDImages/dp/mobile-large/DP816303.jpg
1503,DP816406.jpg,https://images.metmuseum.org/CRDImages/dp/mobile-large/DP816406.jpg
1503,DP816416.jpg,https://images.metmuseum.org/CRDImages/dp/mobile-large/DP816416.jpg
1503,DP816300.jpg,https://images.metmuseum.org/CRDImages/dp/mobile-large/DP816300.jpg
1503,DP816405.jpg,https://images.metmuseum.org/CRDImages/dp/mobile-large/DP816405.jpg
1503,DP816302.jpg,https://images.metmuseum.org/CRDImages/dp/mobile-large/DP816302.jpg
1503,DP816299.jpg,https://images.metmuseum.org/CRDImages/dp/mobile-large/DP816299.jpg
1503,DP816060.jpg,https://images.metmuseum.org/CRDImages/dp/mobile-large/DP816060.jpg
1503,DP816154.jpg,https://images.metmuseum.org/CRDImages/dp/mobile-large/DP816154.jpg
1503,DP816159.jpg,https://images.metmuseum.org/CRDImages/dp/mobile-large/DP816159.jpg
1503,DP816270.jpg,https://images.metmuseum.org/CRDImages/dp/mobile-large/DP816270.jpg
1503,DP816061.jpg,https://images.metmuseum.org/CRDImages/dp/mobile-large/DP816061.jpg
1503,DP816162.jpg,https://images.metmuseum.org/CRDImages/dp/mobile-large/DP816162.jpg
1503,DP815404.jpg,https://images.metmuseum.org/CRDImages/dp/mobile-large/DP815404.jpg
1503,DP815406.jpg,https://images.metmuseum.org/CRDImages/dp/mobile-large/DP815406.jpg
1503,DP815405.jpg,https://images.metmuseum.org/CRDImages/dp/mobile-large/DP815405.jpg
1503,DP815408.jpg,https://images.metmuseum.org/CRDImages/dp/mobile-large/DP815408.jpg
1503,DP815437.jpg,https://images.metmuseum.org/CRDImages/dp/mobile-large/DP815437.jpg
1503,DP815425.jpg,https://images.metmuseum.org/CRDImages/dp/mobile-large/DP815425.jpg
1504,DP816026.jpg,https://images.metmuseum.org/CRDImages/dp/mobile-large/DP816026.jpg
1504,DP816139.jpg,https://images.metmuseum.org/CRDImages/dp/mobile-large/DP816139.jpg
1504,DP815431.jpg,https://images.metmuseum.org/CRDImages/dp/mobile-large/DP815431.jpg
1504,DP820351.jpg,https://images.metmuseum.org/CRDImages/dp/mobile-large/DP820351.jpg
1504,DP816411.jpg,https://images.metmuseum.org/CRDImages/dp/mobile-large/DP816411.jpg
1504,DP816143.jpg,https://images.metmuseum.org/CRDImages/dp/mobile-large/DP816143.jpg
1504,DP816151.jpg,https://images.metmuseum.org/CRDImages/dp/mobile-large/DP816151.jpg
1504,DP816286.jpg,https://images.metmuseum.org/CRDImages/dp/mobile-large/DP816286.jpg
1504,DP816144.jpg,https://images.metmuseum.org/CRDImages/dp/mobile-large/DP816144.jpg
1504,DP816152.jpg,https://images.metmuseum.org/CRDImages/dp/mobile-large/DP816152.jpg
1504,DP816149.jpg,https://images.metmuseum.org/CRDImages/dp/mobile-large/DP816149.jpg
1504,DP816147.jpg,https://images.metmuseum.org/CRDImages/dp/mobile-large/DP816147.jpg
1504,DP816278.jpg,https://images.metmuseum.org/CRDImages/dp/mobile-large/DP816278.jpg
1504,DP816412.jpg,https://images.metmuseum.org/CRDImages/dp/mobile-large/DP816412.jpg
1504,DP816308.jpg,https://images.metmuseum.org/CRDImages/dp/mobile-large/DP816308.jpg
1504,DP816146.jpg,https://images.metmuseum.org/CRDImages/dp/mobile-large/DP816146.jpg
1504,DP816153.jpg,https://images.metmuseum.org/CRDImages/dp/mobile-large/DP816153.jpg
1504,DP815422.jpg,https://images.metmuseum.org/CRDImages/dp/mobile-large/DP815422.jpg
1504,DP815435.jpg,https://images.metmuseum.org/CRDImages/dp/mobile-large/DP815435.jpg
1504,DP815434.jpg,https://images.metmuseum.org/CRDImages/dp/mobile-large/DP815434.jpg
1504,DP820350.jpg,https://images.metmuseum.org/CRDImages/dp/mobile-large/DP820350.jpg
1504,DP816273.jpg,https://images.metmuseum.org/CRDImages/dp/mobile-large/DP816273.jpg
1505,DP815421.jpg,https://images.metmuseum.org/CRDImages/dp/mobile-large/DP815421.jpg
1505,DP816160.jpg,https://images.metmuseum.org/CRDImages/dp/mobile-large/DP816160.jpg
1505,DP815430.jpg,https://images.metmuseum.org/CRDImages/dp/mobile-large/DP815430.jpg
1505,DP815428.jpg,https://images.metmuseum.org/CRDImages/dp/mobile-large/DP815428.jpg
1505,DP815427.jpg,https://images.metmuseum.org/CRDImages/dp/mobile-large/DP815427.jpg
1505,DP815532.jpg,https://images.metmuseum.org/CRDImages/dp/mobile-large/DP815532.jpg
1505,DP815533.jpg,https://images.metmuseum.org/CRDImages/dp/mobile-large/DP815533.jpg
1505,DP815542.jpg,https://images.metmuseum.org/CRDImages/dp/mobile-large/DP815542.jpg
1505,DP815543.jpg,https://images.metmuseum.org/CRDImages/dp/mobile-large/DP815543.jpg
1505,cdi32-24-34.jpg,https://images.metmuseum.org/CRDImages/cl/mobile-large/cdi32-24-34.jpg
1505,DP816155.jpg,https://images.metmuseum.org/CRDImages/dp/mobile-large/DP816155.jpg
1507,DP815585.jpg,https://images.metmuseum.org/CRDImages/dp/mobile-large/DP815585.jpg
1507,DP815584.jpg,https://images.metmuseum.org/CRDImages/dp/mobile-large/DP815584.jpg
1507,DP815595.jpg,https://images.metmuseum.org/CRDImages/dp/mobile-large/DP815595.jpg
1507,DP815578.jpg,https://images.metmuseum.org/CRDImages/dp/mobile-large/DP815578.jpg
1508,DP124735.jpg,https://images.metmuseum.org/CRDImages/dp/mobile-large/DP124735.jpg
1508,DP820424.jpg,https://images.metmuseum.org/CRDImages/dp/mobile-large/DP820424.jpg
1508,DP820425.jpg,https://images.metmuseum.org/CRDImages/dp/mobile-large/DP820425.jpg
1508,DP820427.jpg,https://images.metmuseum.org/CRDImages/dp/mobile-large/DP820427.jpg
1508,DP820429.jpg,https://images.metmuseum.org/CRDImages/dp/mobile-large/DP820429.jpg
1508,DP820431.jpg,https://images.metmuseum.org/CRDImages/dp/mobile-large/DP820431.jpg
1508,DP820432.jpg,https://images.metmuseum.org/CRDImages/dp/mobile-large/DP820432.jpg
1508,DP820433.jpg,https://images.metmuseum.org/CRDImages/dp/mobile-large/DP820433.jpg
1508,DP820439.jpg,https://images.metmuseum.org/CRDImages/dp/mobile-large/DP820439.jpg
1508,DP820440.jpg,https://images.metmuseum.org/CRDImages/dp/mobile-large/DP820440.jpg
1508,DP820441.jpg,https://images.metmuseum.org/CRDImages/dp/mobile-large/DP820441.jpg
1508,DP820442.jpg,https://images.metmuseum.org/CRDImages/dp/mobile-large/DP820442.jpg
1508,DP820443.jpg,https://images.metmuseum.org/CRDImages/dp/mobile-large/DP820443.jpg
1508,DP820447.jpg,https://images.metmuseum.org/CRDImages/dp/mobile-large/DP820447.jpg
1508,DP820448.jpg,https://images.metmuseum.org/CRDImages/dp/mobile-large/DP820448.jpg
1508,DP820449.jpg,https://images.metmuseum.org/CRDImages/dp/mobile-large/DP820449.jpg
1508,DP820450.jpg,https://images.metmuseum.org/CRDImages/dp/mobile-large/DP820450.jpg
1508,DP815524.jpg,https://images.metmuseum.org/CRDImages/dp/mobile-large/DP815524.jpg
1508,DP815525.jpg,https://images.metmuseum.org/CRDImages/dp/mobile-large/DP815525.jpg
1508,DP815529.jpg,https://images.metmuseum.org/CRDImages/dp/mobile-large/DP815529.jpg
1508,DP815573.jpg,https://images.metmuseum.org/CRDImages/dp/mobile-large/DP815573.jpg
1508,DP815567.jpg,https://images.metmuseum.org/CRDImages/dp/mobile-large/DP815567.jpg
1508,DP815571.jpg,https://images.metmuseum.org/CRDImages/dp/mobile-large/DP815571.jpg
1508,DP815568.jpg,https://images.metmuseum.org/CRDImages/dp/mobile-large/DP815568.jpg
1508,DP815564.jpg,https://images.metmuseum.org/CRDImages/dp/mobile-large/DP815564.jpg
1508,DP815562.jpg,https://images.metmuseum.org/CRDImages/dp/mobile-large/DP815562.jpg
1508,DP815559.jpg,https://images.metmuseum.org/CRDImages/dp/mobile-large/DP815559.jpg
1508,DP815558.jpg,https://images.metmuseum.org/CRDImages/dp/mobile-large/DP815558.jpg
1509,DP820430.jpg,https://images.metmuseum.org/CRDImages/dp/mobile-large/DP820430.jpg
1509,DP820434.jpg,https://images.metmuseum.org/CRDImages/dp/mobile-large/DP820434.jpg
1509,DP816042.jpg,https://images.metmuseum.org/CRDImages/dp/mobile-large/DP816042.jpg
1509,DP816043.jpg,https://images.metmuseum.org/CRDImages/dp/mobile-large/DP816043.jpg
1509,DP816041.jpg,https://images.metmuseum.org/CRDImages/dp/mobile-large/DP816041.jpg
1509,DP816044.jpg,https://images.metmuseum.org/CRDImages/dp/mobile-large/DP816044.jpg
1509,DP816036.jpg,https://images.metmuseum.org/CRDImages/dp/mobile-large/DP816036.jpg
1509,DP816038.jpg,https://images.metmuseum.org/CRDImages/dp/mobile-large/DP816038.jpg
1509,DP816039.jpg,https://images.metmuseum.org/CRDImages/dp/mobile-large/DP816039.jpg
1509,DP815996.jpg,https://images.metmuseum.org/CRDImages/dp/mobile-large/DP815996.jpg
1509,DP815997.jpg,https://images.metmuseum.org/CRDImages/dp/mobile-large/DP815997.jpg
1509,DP815998.jpg,https://images.metmuseum.org/CRDImages/dp/mobile-large/DP815998.jpg
1509,DP815999.jpg,https://images.metmuseum.org/CRDImages/dp/mobile-large/DP815999.jpg
1509,DP816045.jpg,https://images.metmuseum.org/CRDImages/dp/mobile-large/DP816045.jpg
1509,DP820445.jpg,https://images.metmuseum.org/CRDImages/dp/mobile-large/DP820445.jpg
1509,DP820451.jpg,https://images.metmuseum.org/CRDImages/dp/mobile-large/DP820451.jpg
1509,DP816005.jpg,https://images.metmuseum.org/CRDImages/dp/mobile-large/DP816005.jpg
1509,DP816006.jpg,https://images.metmuseum.org/CRDImages/dp/mobile-large/DP816006.jpg
1509,DP816007.jpg,https://images.metmuseum.org/CRDImages/dp/mobile-large/DP816007.jpg
1509,DP816008.jpg,https://images.metmuseum.org/CRDImages/dp/mobile-large/DP816008.jpg
1509,DP816051.jpg,https://images.metmuseum.org/CRDImages/dp/mobile-large/DP816051.jpg
1509,DP816053.jpg,https://images.metmuseum.org/CRDImages/dp/mobile-large/DP816053.jpg
1509,DP816054.jpg,https://images.metmuseum.org/CRDImages/dp/mobile-large/DP816054.jpg
1509,DP816014.jpg,https://images.metmuseum.org/CRDImages/dp/mobile-large/DP816014.jpg
1509,DP816015.jpg,https://images.metmuseum.org/CRDImages/dp/mobile-large/DP816015.jpg
1509,DP816016.jpg,https://images.metmuseum.org/CRDImages/dp/mobile-large/DP816016.jpg
1509,DP816017.jpg,https://images.metmuseum.org/CRDImages/dp/mobile-large/DP816017.jpg
1509,DP816047.jpg,https://images.metmuseum.org/CRDImages/dp/mobile-large/DP816047.jpg
1509,DP815572.jpg,https://images.metmuseum.org/CRDImages/dp/mobile-large/DP815572.jpg
1509,DP815563.jpg,https://images.metmuseum.org/CRDImages/dp/mobile-large/DP815563.jpg
1509,DP815557.jpg,https://images.metmuseum.org/CRDImages/dp/mobile-large/DP815557.jpg
1510,DP816281.jpg,https://images.metmuseum.org/CRDImages/dp/mobile-large/DP816281.jpg
1510,DP816290.jpg,https://images.metmuseum.org/CRDImages/dp/mobile-large/DP816290.jpg
1510,DP816291.jpg,https://images.metmuseum.org/CRDImages/dp/mobile-large/DP816291.jpg
1510,DP820454.jpg,https://images.metmuseum.org/CRDImages/dp/mobile-large/DP820454.jpg
1510,DP820453.jpg,https://images.metmuseum.org/CRDImages/dp/mobile-large/DP820453.jpg
1510,DP215649.jpg,https://images.metmuseum.org/CRDImages/dp/mobile-large/DP215649.jpg
1510,DP820422.jpg,https://images.metmuseum.org/CRDImages/dp/mobile-large/DP820422.jpg
1510,DP820423.jpg,https://images.metmuseum.org/CRDImages/dp/mobile-large/DP820423.jpg
1510,DP820428.jpg,https://images.metmuseum.org/CRDImages/dp/mobile-large/DP820428.jpg
1510,DP816037.jpg,https://images.metmuseum.org/CRDImages/dp/mobile-large/DP816037.jpg
1510,DP816055.jpg,https://images.metmuseum.org/CRDImages/dp/mobile-large/DP816055.jpg
1510,DP816056.jpg,https://images.metmuseum.org/CRDImages/dp/mobile-large/DP816056.jpg
1510,DP816057.jpg,https://images.metmuseum.org/CRDImages/dp/mobile-large/DP816057.jpg
1510,DP816058.jpg,https://images.metmuseum.org/CRDImages/dp/mobile-large/DP816058.jpg
1510,DP816000.jpg,https://images.metmuseum.org/CRDImages/dp/mobile-large/DP816000.jpg
1510,DP816001.jpg,https://images.metmuseum.org/CRDImages/dp/mobile-large/DP816001.jpg
1510,DP816003.jpg,https://images.metmuseum.org/CRDImages/dp/mobile-large/DP816003.jpg
1510,DP816004.jpg,https://images.metmuseum.org/CRDImages/dp/mobile-large/DP816004.jpg
1510,DP820407.jpg,https://images.metmuseum.org/CRDImages/dp/mobile-large/DP820407.jpg
1510,DP816293.jpg,https://images.metmuseum.org/CRDImages/dp/mobile-large/DP816293.jpg
1510,DP816288.jpg,https://images.metmuseum.org/CRDImages/dp/mobile-large/DP816288.jpg
1510,DP820435.jpg,https://images.metmuseum.org/CRDImages/dp/mobile-large/DP820435.jpg
1510,DP820436.jpg,https://images.metmuseum.org/CRDImages/dp/mobile-large/DP820436.jpg
1510,DP820437.jpg,https://images.metmuseum.org/CRDImages/dp/mobile-large/DP820437.jpg
1510,DP820438.jpg,https://images.metmuseum.org/CRDImages/dp/mobile-large/DP820438.jpg
1510,DP820444.jpg,https://images.metmuseum.org/CRDImages/dp/mobile-large/DP820444.jpg
1510,DP816052.jpg,https://images.metmuseum.org/CRDImages/dp/mobile-large/DP816052.jpg
1510,DP816009.jpg,https://images.metmuseum.org/CRDImages/dp/mobile-large/DP816009.jpg
1510,DP816010.jpg,https://images.metmuseum.org/CRDImages/dp/mobile-large/DP816010.jpg
1510,DP816012.jpg,https://images.metmuseum.org/CRDImages/dp/mobile-large/DP816012.jpg
1510,DP816011.jpg,https://images.metmuseum.org/CRDImages/dp/mobile-large/DP816011.jpg
1510,DP816018.jpg,https://images.metmuseum.org/CRDImages/dp/mobile-large/DP816018.jpg
1510,DP816019.jpg,https://images.metmuseum.org/CRDImages/dp/mobile-large/DP816019.jpg
1510,DP816020.jpg,https://images.metmuseum.org/CRDImages/dp/mobile-large/DP816020.jpg
1510,DP816021.jpg,https://images.metmuseum.org/CRDImages/dp/mobile-large/DP816021.jpg
1510,DP816292.jpg,https://images.metmuseum.org/CRDImages/dp/mobile-large/DP816292.jpg
1510,DP816410.jpg,https://images.metmuseum.org/CRDImages/dp/mobile-large/DP816410.jpg
1510,DP816597.jpg,https://images.metmuseum.org/CRDImages/dp/mobile-large/DP816597.jpg
1510,DP816067.jpg,https://images.metmuseum.org/CRDImages/dp/mobile-large/DP816067.jpg
1510,DP816068.jpg,https://images.metmuseum.org/CRDImages/dp/mobile-large/DP816068.jpg
1510,88306.jpg,https://images.metmuseum.org/CRDImages/es/mobile-large/88306.jpg
1511,DP816914.jpg,https://images.metmuseum.org/CRDImages/dp/mobile-large/DP816914.jpg
1511,DP816953.jpg,https://images.metmuseum.org/CRDImages/dp/mobile-large/DP816953.jpg
1511,DP816426.jpg,https://images.metmuseum.org/CRDImages/dp/mobile-large/DP816426.jpg
1511,DP816922.jpg,https://images.metmuseum.org/CRDImages/dp/mobile-large/DP816922.jpg
1511,DP816274.jpg,https://images.metmuseum.org/CRDImages/dp/mobile-large/DP816274.jpg
1511,DP816280.jpg,https://images.metmuseum.org/CRDImages/dp/mobile-large/DP816280.jpg
1511,DP820452.jpg,https://images.metmuseum.org/CRDImages/dp/mobile-large/DP820452.jpg
1511,DP820421.jpg,https://images.metmuseum.org/CRDImages/dp/mobile-large/DP820421.jpg
1511,DP816132.jpg,https://images.metmuseum.org/CRDImages/dp/mobile-large/DP816132.jpg
1511,DP816074.jpg,https://images.metmuseum.org/CRDImages/dp/mobile-large/DP816074.jpg
1511,DP816078.jpg,https://images.metmuseum.org/CRDImages/dp/mobile-large/DP816078.jpg
1511,DP816075.jpg,https://images.metmuseum.org/CRDImages/dp/mobile-large/DP816075.jpg
1511,DP816077.jpg,https://images.metmuseum.org/CRDImages/dp/mobile-large/DP816077.jpg
1511,DP816135.jpg,https://images.metmuseum.org/CRDImages/dp/mobile-large/DP816135.jpg
1511,DP816064.jpg,https://images.metmuseum.org/CRDImages/dp/mobile-large/DP816064.jpg
1511,DP816731.jpg,https://images.metmuseum.org/CRDImages/dp/mobile-large/DP816731.jpg
1511,DP816408.jpg,https://images.metmuseum.org/CRDImages/dp/mobile-large/DP816408.jpg
1511,DP816418.jpg,https://images.metmuseum.org/CRDImages/dp/mobile-large/DP816418.jpg
1511,DP816304.jpg,https://images.metmuseum.org/CRDImages/dp/mobile-large/DP816304.jpg
1511,DP816145.jpg,https://images.metmuseum.org/CRDImages/dp/mobile-large/DP816145.jpg
1511,DP816306.jpg,https://images.metmuseum.org/CRDImages/dp/mobile-large/DP816306.jpg
1511,DP816927.jpg,https://images.metmuseum.org/CRDImages/dp/mobile-large/DP816927.jpg
1511,DP816279.jpg,https://images.metmuseum.org/CRDImages/dp/mobile-large/DP816279.jpg
1511,DP816282.jpg,https://images.metmuseum.org/CRDImages/dp/mobile-large/DP816282.jpg
1511,DP816163.jpg,https://images.metmuseum.org/CRDImages/dp/mobile-large/DP816163.jpg
1511,DP816150.jpg,https://images.metmuseum.org/CRDImages/dp/mobile-large/DP816150.jpg
1511,DP816287.jpg,https://images.metmuseum.org/CRDImages/dp/mobile-large/DP816287.jpg
1511,DP816289.jpg,https://images.metmuseum.org/CRDImages/dp/mobile-large/DP816289.jpg
1511,DP816295.jpg,https://images.metmuseum.org/CRDImages/dp/mobile-large/DP816295.jpg
1511,DP816305.jpg,https://images.metmuseum.org/CRDImages/dp/mobile-large/DP816305.jpg
1511,DP816419.jpg,https://images.metmuseum.org/CRDImages/dp/mobile-large/DP816419.jpg
1511,DP816283.jpg,https://images.metmuseum.org/CRDImages/dp/mobile-large/DP816283.jpg
1511,DP816425.jpg,https://images.metmuseum.org/CRDImages/dp/mobile-large/DP816425.jpg
1511,DP816421.jpg,https://images.metmuseum.org/CRDImages/dp/mobile-large/DP816421.jpg
1511,DP816307.jpg,https://images.metmuseum.org/CRDImages/dp/mobile-large/DP816307.jpg
1511,DP816072.jpg,https://images.metmuseum.org/CRDImages/dp/mobile-large/DP816072.jpg
1511,DP816932.jpg,https://images.metmuseum.org/CRDImages/dp/mobile-large/DP816932.jpg
1511,DP816420.jpg,https://images.metmuseum.org/CRDImages/dp/mobile-large/DP816420.jpg
1511,DP816138.jpg,https://images.metmuseum.org/CRDImages/dp/mobile-large/DP816138.jpg
1511,DP816136.jpg,https://images.metmuseum.org/CRDImages/dp/mobile-large/DP816136.jpg
1511,DP816417.jpg,https://images.metmuseum.org/CRDImages/dp/mobile-large/DP816417.jpg
1511,DP249852.jpg,https://images.metmuseum.org/CRDImages/dp/mobile-large/DP249852.jpg
1511,DP815594.jpg,https://images.metmuseum.org/CRDImages/dp/mobile-large/DP815594.jpg
1511,DP815588.jpg,https://images.metmuseum.org/CRDImages/dp/mobile-large/DP815588.jpg
1511,DP815575.jpg,https://images.metmuseum.org/CRDImages/dp/mobile-large/DP815575.jpg
1511,DP815715.jpg,https://images.metmuseum.org/CRDImages/dp/mobile-large/DP815715.jpg
1511,DP815716.jpg,https://images.metmuseum.org/CRDImages/dp/mobile-large/DP815716.jpg
1511,DP815717.jpg,https://images.metmuseum.org/CRDImages/dp/mobile-large/DP815717.jpg
1511,DP815718.jpg,https://images.metmuseum.org/CRDImages/dp/mobile-large/DP815718.jpg
1511,DP816066.jpg,https://images.metmuseum.org/CRDImages/dp/mobile-large/DP816066.jpg
1511,DP816730.jpg,https://images.metmuseum.org/CRDImages/dp/mobile-large/DP816730.jpg
1511,DP816728.jpg,https://images.metmuseum.org/CRDImages/dp/mobile-large/DP816728.jpg
1511,DP816735.jpg,https://images.metmuseum.org/CRDImages/dp/mobile-large/DP816735.jpg
1511,DP816915.jpg,https://images.metmuseum.org/CRDImages/dp/mobile-large/DP816915.jpg
1511,DP816955.jpg,https://images.metmuseum.org/CRDImages/dp/mobile-large/DP816955.jpg
1511,45234.jpg,https://images.metmuseum.org/CRDImages/dp/mobile-large/45234.jpg
1511,MM1831.jpg,https://images.metmuseum.org/CRDImages/dp/mobile-large/MM1831.jpg
1511,MM4795.jpg,https://images.metmuseum.org/CRDImages/dp/mobile-large/MM4795.jpg
1512,DP815732.jpg,https://images.metmuseum.org/CRDImages/dp/mobile-large/DP815732.jpg
1512,DP815733.jpg,https://images.metmuseum.org/CRDImages/dp/mobile-large/DP815733.jpg
1512,DP815714.jpg,https://images.metmuseum.org/CRDImages/dp/mobile-large/DP815714.jpg
1512,DP815731.jpg,https://images.metmuseum.org/CRDImages/dp/mobile-large/DP815731.jpg
1512,DP815734.jpg,https://images.metmuseum.org/CRDImages/dp/mobile-large/DP815734.jpg
1512,DP815735.jpg,https://images.metmuseum.org/CRDImages/dp/mobile-large/DP815735.jpg
1512,DP820413.jpg,https://images.metmuseum.org/CRDImages/dp/mobile-large/DP820413.jpg
1512,DP816487.jpg,https://images.metmuseum.org/CRDImages/dp/mobile-large/DP816487.jpg
1512,DP816404.jpg,https://images.metmuseum.org/CRDImages/dp/mobile-large/DP816404.jpg
1512,DP815553.jpg,https://images.metmuseum.org/CRDImages/dp/mobile-large/DP815553.jpg
1512,DP815579.jpg,https://images.metmuseum.org/CRDImages/dp/mobile-large/DP815579.jpg
1512,DP815582.jpg,https://images.metmuseum.org/CRDImages/dp/mobile-large/DP815582.jpg
1512,DP815583.jpg,https://images.metmuseum.org/CRDImages/dp/mobile-large/DP815583.jpg
1512,DP815592.jpg,https://images.metmuseum.org/CRDImages/dp/mobile-large/DP815592.jpg
1512,DP815591.jpg,https://images.metmuseum.org/CRDImages/dp/mobile-large/DP815591.jpg
1512,DP815593.jpg,https://images.metmuseum.org/CRDImages/dp/mobile-large/DP815593.jpg
1512,DP815587.jpg,https://images.metmuseum.org/CRDImages/dp/mobile-large/DP815587.jpg
1512,DP815589.jpg,https://images.metmuseum.org/CRDImages/dp/mobile-large/DP815589.jpg
1512,DP815596.jpg,https://images.metmuseum.org/CRDImages/dp/mobile-large/DP815596.jpg
1512,DP815601.jpg,https://images.metmuseum.org/CRDImages/dp/mobile-large/DP815601.jpg
1512,DP815574.jpg,https://images.metmuseum.org/CRDImages/dp/mobile-large/DP815574.jpg
1512,DP815576.jpg,https://images.metmuseum.org/CRDImages/dp/mobile-large/DP815576.jpg
1512,DP815602.jpg,https://images.metmuseum.org/CRDImages/dp/mobile-large/DP815602.jpg
1512,DP815604.jpg,https://images.metmuseum.org/CRDImages/dp/mobile-large/DP815604.jpg
1512,DP815603.jpg,https://images.metmuseum.org/CRDImages/dp/mobile-large/DP815603.jpg
1512,DP815730.jpg,https://images.metmuseum.org/CRDImages/dp/mobile-large/DP815730.jpg
1512,DP815554.jpg,https://images.metmuseum.org/CRDImages/dp/mobile-large/DP815554.jpg
1512,DP815555.jpg,https://images.metmuseum.org/CRDImages/dp/mobile-large/DP815555.jpg
1512,DP815566.jpg,https://images.metmuseum.org/CRDImages/dp/mobile-large/DP815566.jpg
1512,DP815548.jpg,https://images.metmuseum.org/CRDImages/dp/mobile-large/DP815548.jpg
1512,DP815550.jpg,https://images.metmuseum.org/CRDImages/dp/mobile-large/DP815550.jpg
1512,DP815549.jpg,https://images.metmuseum.org/CRDImages/dp/mobile-large/DP815549.jpg
1512,DP815551.jpg,https://images.metmuseum.org/CRDImages/dp/mobile-large/DP815551.jpg
1512,DP815544.jpg,https://images.metmuseum.org/CRDImages/dp/mobile-large/DP815544.jpg
1512,DP815546.jpg,https://images.metmuseum.org/CRDImages/dp/mobile-large/DP815546.jpg
1512,DP815545.jpg,https://images.metmuseum.org/CRDImages/dp/mobile-large/DP815545.jpg
1512,DP815547.jpg,https://images.metmuseum.org/CRDImages/dp/mobile-large/DP815547.jpg
1512,DP815552.jpg,https://images.metmuseum.org/CRDImages/dp/mobile-large/DP815552.jpg
1512,DP815565.jpg,https://images.metmuseum.org/CRDImages/dp/mobile-large/DP815565.jpg
1512,DP815560.jpg,https://images.metmuseum.org/CRDImages/dp/mobile-large/DP815560.jpg
1512,DP809591.jpg,https://images.metmuseum.org/CRDImages/rl/mobile-large/DP809591.jpg
1513,DP102226.jpg,https://images.metmuseum.org/CRDImages/dp/mobile-large/DP102226.jpg
1513,DP815727.jpg,https://images.metmuseum.org/CRDImages/dp/mobile-large/DP815727.jpg
1513,DP815739.jpg,https://images.metmuseum.org/CRDImages/dp/mobile-large/DP815739.jpg
1513,DP815736.jpg,https://images.metmuseum.org/CRDImages/dp/mobile-large/DP815736.jpg
1513,DP815738.jpg,https://images.metmuseum.org/CRDImages/dp/mobile-large/DP815738.jpg
1513,DP815737.jpg,https://images.metmuseum.org/CRDImages/dp/mobile-large/DP815737.jpg
1513,DP815750.jpg,https://images.metmuseum.org/CRDImages/dp/mobile-large/DP815750.jpg
1513,DP815590.jpg,https://images.metmuseum.org/CRDImages/dp/mobile-large/DP815590.jpg
1513,DP815600.jpg,https://images.metmuseum.org/CRDImages/dp/mobile-large/DP815600.jpg
1513,DP815605.jpg,https://images.metmuseum.org/CRDImages/dp/mobile-large/DP815605.jpg
1513,DP815724.jpg,https://images.metmuseum.org/CRDImages/dp/mobile-large/DP815724.jpg
1513,DP815725.jpg,https://images.metmuseum.org/CRDImages/dp/mobile-large/DP815725.jpg
1513,DP815726.jpg,https://images.metmuseum.org/CRDImages/dp/mobile-large/DP815726.jpg
1513,DP815721.jpg,https://images.metmuseum.org/CRDImages/dp/mobile-large/DP815721.jpg
1513,DP815723.jpg,https://images.metmuseum.org/CRDImages/dp/mobile-large/DP815723.jpg
1513,DP820347.jpg,https://images.metmuseum.org/CRDImages/dp/mobile-large/DP820347.jpg
1513,DP815720.jpg,https://images.metmuseum.org/CRDImages/dp/mobile-large/DP815720.jpg
1513,DP815722.jpg,https://images.metmuseum.org/CRDImages/dp/mobile-large/DP815722.jpg
1513,DP832746.jpg,https://images.metmuseum.org/CRDImages/dp/mobile-large/DP832746.jpg
1514,DP820348.jpg,https://images.metmuseum.org/CRDImages/dp/mobile-large/DP820348.jpg
1514,DP820349.jpg,https://images.metmuseum.org/CRDImages/dp/mobile-large/DP820349.jpg
1514,DP815742.jpg,https://images.metmuseum.org/CRDImages/dp/mobile-large/DP815742.jpg
1514,DP815751.jpg,https://images.metmuseum.org/CRDImages/dp/mobile-large/DP815751.jpg
1514,DP815744.jpg,https://images.metmuseum.org/CRDImages/dp/mobile-large/DP815744.jpg
1514,DP815753.jpg,https://images.metmuseum.org/CRDImages/dp/mobile-large/DP815753.jpg
1514,DP815752.jpg,https://images.metmuseum.org/CRDImages/dp/mobile-large/DP815752.jpg
1514,DP815754.jpg,https://images.metmuseum.org/CRDImages/dp/mobile-large/DP815754.jpg
1514,DP815755.jpg,https://images.metmuseum.org/CRDImages/dp/mobile-large/DP815755.jpg
1514,DP815757.jpg,https://images.metmuseum.org/CRDImages/dp/mobile-large/DP815757.jpg
1514,DP815756.jpg,https://images.metmuseum.org/CRDImages/dp/mobile-large/DP815756.jpg
1514,DP815761.jpg,https://images.metmuseum.org/CRDImages/dp/mobile-large/DP815761.jpg
1514,DP815762.jpg,https://images.metmuseum.org/CRDImages/dp/mobile-large/DP815762.jpg
1514,DP815765.jpg,https://images.metmuseum.org/CRDImages/dp/mobile-large/DP815765.jpg
1514,DP815764.jpg,https://images.metmuseum.org/CRDImages/dp/mobile-large/DP815764.jpg
1514,DP815743.jpg,https://images.metmuseum.org/CRDImages/dp/mobile-large/DP815743.jpg
1514,DP815747.jpg,https://images.metmuseum.org/CRDImages/dp/mobile-large/DP815747.jpg
1514,DP815749.jpg,https://images.metmuseum.org/CRDImages/dp/mobile-large/DP815749.jpg
1514,DP815748.jpg,https://images.metmuseum.org/CRDImages/dp/mobile-large/DP815748.jpg
1515,DT241450.jpg,https://images.metmuseum.org/CRDImages/dp/mobile-large/DT241450.jpg
1515,DP102235.jpg,https://images.metmuseum.org/CRDImages/dp/mobile-large/DP102235.jpg
1515,DP820482.jpg,https://images.metmuseum.org/CRDImages/dp/mobile-large/DP820482.jpg
1515,DP815774.jpg,https://images.metmuseum.org/CRDImages/dp/mobile-large/DP815774.jpg
1515,DP816427.jpg,https://images.metmuseum.org/CRDImages/dp/mobile-large/DP816427.jpg
1515,DP816430.jpg,https://images.metmuseum.org/CRDImages/dp/mobile-large/DP816430.jpg
1515,DP816491.jpg,https://images.metmuseum.org/CRDImages/dp/mobile-large/DP816491.jpg
1515,DP815771.jpg,https://images.metmuseum.org/CRDImages/dp/mobile-large/DP815771.jpg
1515,DP815772.jpg,https://images.metmuseum.org/CRDImages/dp/mobile-large/DP815772.jpg
1515,DP815773.jpg,https://images.metmuseum.org/CRDImages/dp/mobile-large/DP815773.jpg
1515,DP815900.jpg,https://images.metmuseum.org/CRDImages/dp/mobile-large/DP815900.jpg
1515,DP815780.jpg,https://images.metmuseum.org/CRDImages/dp/mobile-large/DP815780.jpg
1515,DP815779.jpg,https://images.metmuseum.org/CRDImages/dp/mobile-large/DP815779.jpg
1515,DP815778.jpg,https://images.metmuseum.org/CRDImages/dp/mobile-large/DP815778.jpg
1515,DP816490.jpg,https://images.metmuseum.org/CRDImages/dp/mobile-large/DP816490.jpg
1515,DP802951.jpg,https://images.metmuseum.org/CRDImages/dp/mobile-large/DP802951.jpg
1515,SF_06_301.jpg,https://images.metmuseum.org/CRDImages/es/mobile-large/SF_06_301.jpg
1516,DP815777.jpg,https://images.metmuseum.org/CRDImages/dp/mobile-large/DP815777.jpg
1516,DP815775.jpg,https://images.metmuseum.org/CRDImages/dp/mobile-large/DP815775.jpg
1516,DP816069.jpg,https://images.metmuseum.org/CRDImages/dp/mobile-large/DP816069.jpg
1516,DP816065.jpg,https://images.metmuseum.org/CRDImages/dp/mobile-large/DP816065.jpg
1516,DP815892.jpg,https://images.metmuseum.org/CRDImages/dp/mobile-large/DP815892.jpg
1516,DP815890.jpg,https://images.metmuseum.org/CRDImages/dp/mobile-large/DP815890.jpg
1516,DP815891.jpg,https://images.metmuseum.org/CRDImages/dp/mobile-large/DP815891.jpg
1516,DP815783.jpg,https://images.metmuseum.org/CRDImages/dp/mobile-large/DP815783.jpg
1516,DP815782.jpg,https://images.metmuseum.org/CRDImages/dp/mobile-large/DP815782.jpg
1516,DP815776.jpg,https://images.metmuseum.org/CRDImages/dp/mobile-large/DP815776.jpg
1516,DP164788.jpg,https://images.metmuseum.org/CRDImages/ep/mobile-large/DP164788.jpg
1517,DP820414.jpg,https://images.metmuseum.org/CRDImages/dp/mobile-large/DP820414.jpg
1518,DP817071.jpg,https://images.metmuseum.org/CRDImages/dp/mobile-large/DP817071.jpg
1518,DP815897.jpg,https://images.metmuseum.org/CRDImages/dp/mobile-large/DP815897.jpg
1518,DP816423.jpg,https://images.metmuseum.org/CRDImages/dp/mobile-large/DP816423.jpg
1518,DP816424.jpg,https://images.metmuseum.org/CRDImages/dp/mobile-large/DP816424.jpg
1518,DP816422.jpg,https://images.metmuseum.org/CRDImages/dp/mobile-large/DP816422.jpg
1518,DP815898.jpg,https://images.metmuseum.org/CRDImages/dp/mobile-large/DP815898.jpg
1518,DP815896.jpg,https://images.metmuseum.org/CRDImages/dp/mobile-large/DP815896.jpg
1518,DP815894.jpg,https://images.metmuseum.org/CRDImages/dp/mobile-large/DP815894.jpg
1518,DP815893.jpg,https://images.metmuseum.org/CRDImages/dp/mobile-large/DP815893.jpg
1518,DP822268.jpg,https://images.metmuseum.org/CRDImages/dp/mobile-large/DP822268.jpg
1519,DP815902.jpg,https://images.metmuseum.org/CRDImages/dp/mobile-large/DP815902.jpg
1519,DP815905.jpg,https://images.metmuseum.org/CRDImages/dp/mobile-large/DP815905.jpg
1519,DP815786.jpg,https://images.metmuseum.org/CRDImages/dp/mobile-large/DP815786.jpg
1519,DP815906.jpg,https://images.metmuseum.org/CRDImages/dp/mobile-large/DP815906.jpg
1519,DP815910.jpg,https://images.metmuseum.org/CRDImages/dp/mobile-large/DP815910.jpg
1519,DP815907.jpg,https://images.metmuseum.org/CRDImages/dp/mobile-large/DP815907.jpg
1519,DP815903.jpg,https://images.metmuseum.org/CRDImages/dp/mobile-large/DP815903.jpg
1519,DP815904.jpg,https://images.metmuseum.org/CRDImages/dp/mobile-large/DP815904.jpg
1519,DP280846.jpg,https://images.metmuseum.org/CRDImages/ep/mobile-large/DP280846.jpg
1519,DP815919.jpg,https://images.metmuseum.org/CRDImages/dp/mobile-large/DP815919.jpg
1519,DP815918.jpg,https://images.metmuseum.org/CRDImages/dp/mobile-large/DP815918.jpg
1520,DP815917.jpg,https://images.metmuseum.org/CRDImages/dp/mobile-large/DP815917.jpg
1520,DP815913.jpg,https://images.metmuseum.org/CRDImages/dp/mobile-large/DP815913.jpg
1520,DP815916.jpg,https://images.metmuseum.org/CRDImages/dp/mobile-large/DP815916.jpg
1520,DP815915.jpg,https://images.metmuseum.org/CRDImages/dp/mobile-large/DP815915.jpg
1520,DP815911.jpg,https://images.metmuseum.org/CRDImages/dp/mobile-large/DP815911.jpg
1520,DP815912.jpg,https://images.metmuseum.org/CRDImages/dp/mobile-large/DP815912.jpg
1520,DP815987.jpg,https://images.metmuseum.org/CRDImages/dp/mobile-large/DP815987.jpg
1520,DP815986.jpg,https://images.metmuseum.org/CRDImages/dp/mobile-large/DP815986.jpg
1521,DP802950.jpg,https://images.metmuseum.org/CRDImages/dp/mobile-large/DP802950.jpg
1521,DP815922.jpg,https://images.metmuseum.org/CRDImages/dp/mobile-large/DP815922.jpg
1521,DP816453.jpg,https://images.metmuseum.org/CRDImages/dp/mobile-large/DP816453.jpg
1521,DP815920.jpg,https://images.metmuseum.org/CRDImages/dp/mobile-large/DP815920.jpg
1521,DP815924.jpg,https://images.metmuseum.org/CRDImages/dp/mobile-large/DP815924.jpg
1521,DP815925.jpg,https://images.metmuseum.org/CRDImages/dp/mobile-large/DP815925.jpg
1521,DP815926.jpg,https://images.metmuseum.org/CRDImages/dp/mobile-large/DP815926.jpg
1522,DP809594.jpg,https://images.metmuseum.org/CRDImages/rl/mobile-large/DP809594.jpg
1523,DP816071.jpg,https://images.metmuseum.org/CRDImages/dp/mobile-large/DP816071.jpg
1523,DP816070.jpg,https://images.metmuseum.org/CRDImages/dp/mobile-large/DP816070.jpg
1523,DP815760.jpg,https://images.metmuseum.org/CRDImages/dp/mobile-large/DP815760.jpg
1523,DP815759.jpg,https://images.metmuseum.org/CRDImages/dp/mobile-large/DP815759.jpg
1523,DP815766.jpg,https://images.metmuseum.org/CRDImages/dp/mobile-large/DP815766.jpg
1523,DP815767.jpg,https://images.metmuseum.org/CRDImages/dp/mobile-large/DP815767.jpg
1523,DP815768.jpg,https://images.metmuseum.org/CRDImages/dp/mobile-large/DP815768.jpg
1523,DP815769.jpg,https://images.metmuseum.org/CRDImages/dp/mobile-large/DP815769.jpg
1523,DP815770.jpg,https://images.metmuseum.org/CRDImages/dp/mobile-large/DP815770.jpg
1523,DP816462.jpg,https://images.metmuseum.org/CRDImages/dp/mobile-large/DP816462.jpg
1524,DP815928.jpg,https://images.metmuseum.org/CRDImages/dp/mobile-large/DP815928.jpg
1524,DP815930.jpg,https://images.metmuseum.org/CRDImages/dp/mobile-large/DP815930.jpg
1524,DP815932.jpg,https://images.metmuseum.org/CRDImages/dp/mobile-large/DP815932.jpg
1524,DP815933.jpg,https://images.metmuseum.org/CRDImages/dp/mobile-large/DP815933.jpg
1524,DP815931.jpg,https://images.metmuseum.org/CRDImages/dp/mobile-large/DP815931.jpg
1525,DP327807.jpg,https://images.metmuseum.org/CRDImages/dp/mobile-large/DP327807.jpg
1525,DP167863.jpg,https://images.metmuseum.org/CRDImages/dp/mobile-large/DP167863.jpg
1526,DP815934.jpg,https://images.metmuseum.org/CRDImages/dp/mobile-large/DP815934.jpg
1526,DP815929.jpg,https://images.metmuseum.org/CRDImages/dp/mobile-large/DP815929.jpg
1526,DP816309.jpg,https://images.metmuseum.org/CRDImages/dp/mobile-large/DP816309.jpg
1527,DP345232.jpg,https://images.metmuseum.org/CRDImages/dp/mobile-large/DP345232.jpg
1528,DP816476.jpg,https://images.metmuseum.org/CRDImages/dp/mobile-large/DP816476.jpg
